-4.267310500144958496e-01
-4.267310500144958496e-01
-4.267310500144958496e-01
-4.267310500144958496e-01
-4.267310500144958496e-01
-4.267310500144958496e-01
-4.267310500144958496e-01
-4.267310500144958496e-01
-4.267310500144958496e-01
-4.267310500144958496e-01
-4.267310500144958496e-01
-4.267310500144958496e-01
-4.267310500144958496e-01
-4.267310500144958496e-01
-4.267310500144958496e-01
-4.267310500144958496e-01
-4.267310500144958496e-01
-4.267310500144958496e-01
-4.267310500144958496e-01
-4.267310500144958496e-01
-4.267310500144958496e-01
-4.267310500144958496e-01
-4.267310500144958496e-01
-4.267310500144958496e-01
-4.267310500144958496e-01
-4.267310500144958496e-01
-4.267310500144958496e-01
-4.267310500144958496e-01
-4.267310500144958496e-01
-4.267310500144958496e-01
-4.267310500144958496e-01
-4.267310500144958496e-01
-4.267310500144958496e-01
-4.267310500144958496e-01
-4.267310500144958496e-01
-4.267310500144958496e-01
-4.267310500144958496e-01
-4.267310500144958496e-01
-4.267310500144958496e-01
-4.267310500144958496e-01
-4.267310500144958496e-01
-4.267310500144958496e-01
-4.267310500144958496e-01
-4.267310500144958496e-01
-4.267310500144958496e-01
-4.267310500144958496e-01
-4.267310500144958496e-01
-4.267310500144958496e-01
-4.267310500144958496e-01
-4.267310500144958496e-01
-4.267310500144958496e-01
-4.267310500144958496e-01
-4.267310500144958496e-01
-4.267310500144958496e-01
-4.267310500144958496e-01
-4.267310500144958496e-01
-4.267310500144958496e-01
-4.267310500144958496e-01
-4.267310500144958496e-01
-4.267310500144958496e-01
-4.267310500144958496e-01
-4.267310500144958496e-01
-4.267310500144958496e-01
-4.267310500144958496e-01
-4.267310500144958496e-01
-4.267310500144958496e-01
-4.267310500144958496e-01
-4.267310500144958496e-01
-4.267310500144958496e-01
-4.267310500144958496e-01
-4.267310500144958496e-01
-4.267310500144958496e-01
-4.267310500144958496e-01
-4.267310500144958496e-01
-4.267310500144958496e-01
-4.267310500144958496e-01
-4.267310500144958496e-01
-4.267310500144958496e-01
-4.267310500144958496e-01
-4.267310500144958496e-01
-4.267310500144958496e-01
-4.267310500144958496e-01
-4.267310500144958496e-01
-4.267310500144958496e-01
-4.267310500144958496e-01
-4.267310500144958496e-01
-4.267310500144958496e-01
-4.267310500144958496e-01
-4.267310500144958496e-01
-4.267310500144958496e-01
-4.267310500144958496e-01
-4.267310500144958496e-01
-4.267310500144958496e-01
-4.267310500144958496e-01
-4.267310500144958496e-01
-4.267310500144958496e-01
-4.267310500144958496e-01
-4.267310500144958496e-01
-4.267310500144958496e-01
-4.267310500144958496e-01
-4.267310500144958496e-01
-4.267310500144958496e-01
-4.267310500144958496e-01
-4.267310500144958496e-01
-4.267310500144958496e-01
-4.267310500144958496e-01
-4.267310500144958496e-01
-4.267310500144958496e-01
-4.267310500144958496e-01
-4.267310500144958496e-01
-4.267310500144958496e-01
-4.267310500144958496e-01
-4.267310500144958496e-01
-4.267310500144958496e-01
-4.267310500144958496e-01
-4.267310500144958496e-01
-4.267310500144958496e-01
-4.267310500144958496e-01
-4.267310500144958496e-01
-4.267310500144958496e-01
-4.267310500144958496e-01
-4.267310500144958496e-01
-4.267310500144958496e-01
-4.267310500144958496e-01
-4.267310500144958496e-01
-4.267310500144958496e-01
-4.267310500144958496e-01
-4.267310500144958496e-01
-4.267310500144958496e-01
-4.267310500144958496e-01
-4.267310500144958496e-01
-4.267310500144958496e-01
-4.267310500144958496e-01
-4.267310500144958496e-01
-4.267310500144958496e-01
-4.267310500144958496e-01
-4.267310500144958496e-01
-4.267310500144958496e-01
-4.267310500144958496e-01
-4.267310500144958496e-01
-4.267310500144958496e-01
-4.267310500144958496e-01
-4.267310500144958496e-01
-4.267310500144958496e-01
-4.267310500144958496e-01
-4.267310500144958496e-01
-4.267310500144958496e-01
-4.267310500144958496e-01
-4.267310500144958496e-01
-4.267310500144958496e-01
-4.267310500144958496e-01
-4.267310500144958496e-01
-4.267310500144958496e-01
-4.267310500144958496e-01
-4.267310500144958496e-01
-4.267310500144958496e-01
-4.267310500144958496e-01
-4.267310500144958496e-01
-4.267310500144958496e-01
-4.267310500144958496e-01
-4.267310500144958496e-01
-4.267310500144958496e-01
-4.267310500144958496e-01
-4.267310500144958496e-01
-4.267310500144958496e-01
-4.267310500144958496e-01
-4.267310500144958496e-01
-4.267310500144958496e-01
-4.267310500144958496e-01
-4.267310500144958496e-01
-4.267310500144958496e-01
-4.267310500144958496e-01
-4.267310500144958496e-01
-4.267310500144958496e-01
-4.267310500144958496e-01
-4.267310500144958496e-01
-4.267310500144958496e-01
-4.267310500144958496e-01
-4.267310500144958496e-01
-4.267310500144958496e-01
-4.267310500144958496e-01
-4.267310500144958496e-01
-4.267310500144958496e-01
-4.267310500144958496e-01
-4.267310500144958496e-01
-4.267310500144958496e-01
-4.267310500144958496e-01
-4.267310500144958496e-01
-4.267310500144958496e-01
-4.267310500144958496e-01
-4.267310500144958496e-01
-4.267310500144958496e-01
-4.267310500144958496e-01
-4.267310500144958496e-01
-4.267310500144958496e-01
-4.267310500144958496e-01
-4.267310500144958496e-01
-4.267310500144958496e-01
-4.267310500144958496e-01
-4.267310500144958496e-01
-4.267310500144958496e-01
-4.267310500144958496e-01
-4.267310500144958496e-01
-4.267310500144958496e-01
-4.267310500144958496e-01
-4.267310500144958496e-01
-4.267310500144958496e-01
-4.267310500144958496e-01
-4.267310500144958496e-01
-3.635818064212799072e-01
-1.741340309381484985e-01
-2.257581055164337158e-02
-1.236146390438079834e-01
-3.509519696235656738e-01
-4.267310500144958496e-01
-4.267310500144958496e-01
-4.267310500144958496e-01
-4.267310500144958496e-01
-4.267310500144958496e-01
-4.267310500144958496e-01
-4.267310500144958496e-01
-4.267310500144958496e-01
-4.267310500144958496e-01
-4.267310500144958496e-01
-4.267310500144958496e-01
-4.267310500144958496e-01
-4.267310500144958496e-01
-4.267310500144958496e-01
-4.267310500144958496e-01
-4.267310500144958496e-01
-4.267310500144958496e-01
-4.267310500144958496e-01
-4.267310500144958496e-01
-4.267310500144958496e-01
-4.267310500144958496e-01
-4.267310500144958496e-01
-4.267310500144958496e-01
-4.267310500144958496e-01
-4.267310500144958496e-01
-3.888415098190307617e-01
-3.130623996257781982e-01
4.057344049215316772e-02
1.025701761245727539e+00
1.783492922782897949e+00
1.278298854827880859e+00
6.583313643932342529e-02
-3.888415098190307617e-01
-3.635818064212799072e-01
-3.888415098190307617e-01
-4.141012132167816162e-01
-4.267310500144958496e-01
-4.267310500144958496e-01
-4.267310500144958496e-01
-4.267310500144958496e-01
-4.267310500144958496e-01
-4.267310500144958496e-01
-4.267310500144958496e-01
-4.267310500144958496e-01
-4.267310500144958496e-01
-4.267310500144958496e-01
-4.267310500144958496e-01
-4.267310500144958496e-01
-4.267310500144958496e-01
-4.267310500144958496e-01
-4.267310500144958496e-01
-4.267310500144958496e-01
-4.267310500144958496e-01
-4.267310500144958496e-01
-4.267310500144958496e-01
-4.267310500144958496e-01
-3.383221030235290527e-01
1.037226915359497070e-01
1.215149641036987305e+00
2.225537538528442383e+00
2.617063045501708984e+00
2.718101739883422852e+00
2.553913831710815430e+00
1.631934642791748047e+00
2.047614902257919312e-01
4.573585391044616699e-01
1.416122466325759888e-01
-3.256922662258148193e-01
-4.267310500144958496e-01
-4.267310500144958496e-01
-4.267310500144958496e-01
-4.267310500144958496e-01
-4.267310500144958496e-01
-4.267310500144958496e-01
-4.267310500144958496e-01
-4.267310500144958496e-01
-4.267310500144958496e-01
-4.267310500144958496e-01
-4.267310500144958496e-01
-4.267310500144958496e-01
-4.267310500144958496e-01
-4.267310500144958496e-01
-4.267310500144958496e-01
-4.267310500144958496e-01
-4.267310500144958496e-01
-4.267310500144958496e-01
-4.141012132167816162e-01
-2.751728594303131104e-01
3.942092955112457275e-01
2.061349630355834961e+00
2.503394365310668945e+00
2.705471992492675781e+00
2.768621206283569336e+00
2.781250953674316406e+00
2.755991458892822266e+00
2.541283845901489258e+00
2.187648057937622070e+00
2.313946485519409180e+00
1.745603322982788086e+00
-9.945961646735668182e-03
-4.141012132167816162e-01
-4.267310500144958496e-01
-4.267310500144958496e-01
-4.267310500144958496e-01
-4.267310500144958496e-01
-4.267310500144958496e-01
-4.267310500144958496e-01
-4.267310500144958496e-01
-4.267310500144958496e-01
-4.267310500144958496e-01
-4.267310500144958496e-01
-4.267310500144958496e-01
-4.267310500144958496e-01
-4.267310500144958496e-01
-4.267310500144958496e-01
-4.267310500144958496e-01
-4.267310500144958496e-01
-3.256922662258148193e-01
1.795017868280410767e-01
1.101480841636657715e+00
2.086609363555908203e+00
2.692842006683349609e+00
2.781250953674316406e+00
2.680212259292602539e+00
2.730731725692749023e+00
2.768621206283569336e+00
2.781250953674316406e+00
2.768621206283569336e+00
2.743361473083496094e+00
2.755991458892822266e+00
2.427615165710449219e+00
1.416122466325759888e-01
-4.141012132167816162e-01
-4.267310500144958496e-01
-4.267310500144958496e-01
-4.267310500144958496e-01
-4.267310500144958496e-01
-4.267310500144958496e-01
-4.267310500144958496e-01
-4.267310500144958496e-01
-4.267310500144958496e-01
-4.267310500144958496e-01
-4.267310500144958496e-01
-4.267310500144958496e-01
-4.267310500144958496e-01
-4.267310500144958496e-01
-4.267310500144958496e-01
-4.267310500144958496e-01
-4.267310500144958496e-01
2.552808821201324463e-01
1.366707801818847656e+00
2.313946485519409180e+00
2.768621206283569336e+00
2.680212259292602539e+00
1.783492922782897949e+00
1.455116748809814453e+00
2.061349630355834961e+00
2.604433059692382812e+00
2.781250953674316406e+00
2.781250953674316406e+00
2.755991458892822266e+00
2.553913831710815430e+00
1.366707801818847656e+00
-8.572508394718170166e-02
-4.267310500144958496e-01
-4.267310500144958496e-01
-4.267310500144958496e-01
-4.267310500144958496e-01
-4.267310500144958496e-01
-4.267310500144958496e-01
-4.267310500144958496e-01
-4.267310500144958496e-01
-4.267310500144958496e-01
-4.267310500144958496e-01
-4.267310500144958496e-01
-4.267310500144958496e-01
-4.267310500144958496e-01
-4.267310500144958496e-01
-4.267310500144958496e-01
-4.141012132167816162e-01
2.426510453224182129e-01
1.391967535018920898e+00
2.377095937728881836e+00
2.692842006683349609e+00
2.351836204528808594e+00
1.581415295600891113e+00
1.013071894645690918e+00
1.215149641036987305e+00
2.036089897155761719e+00
2.617063045501708984e+00
2.781250953674316406e+00
2.781250953674316406e+00
2.680212259292602539e+00
2.111869096755981445e+00
1.289823949337005615e-01
-3.509519696235656738e-01
-4.267310500144958496e-01
-4.267310500144958496e-01
-4.267310500144958496e-01
-4.267310500144958496e-01
-4.267310500144958496e-01
-4.267310500144958496e-01
-4.267310500144958496e-01
-4.267310500144958496e-01
-4.267310500144958496e-01
-4.267310500144958496e-01
-4.267310500144958496e-01
-4.267310500144958496e-01
-4.267310500144958496e-01
-4.267310500144958496e-01
-4.267310500144958496e-01
-4.783553630113601685e-02
1.442486882209777832e+00
2.465504884719848633e+00
2.692842006683349609e+00
2.326576471328735352e+00
1.568785429000854492e+00
1.025701761245727539e+00
1.581415295600891113e+00
2.288686990737915039e+00
2.680212259292602539e+00
2.781250953674316406e+00
2.781250953674316406e+00
2.730731725692749023e+00
2.389725685119628906e+00
1.189889907836914062e+00
-3.130623996257781982e-01
-4.267310500144958496e-01
-4.267310500144958496e-01
-4.267310500144958496e-01
-4.267310500144958496e-01
-4.267310500144958496e-01
-4.267310500144958496e-01
-4.267310500144958496e-01
-4.267310500144958496e-01
-4.267310500144958496e-01
-4.267310500144958496e-01
-4.267310500144958496e-01
-4.267310500144958496e-01
-4.267310500144958496e-01
-4.267310500144958496e-01
-4.267310500144958496e-01
-4.141012132167816162e-01
9.499226808547973633e-01
2.313946485519409180e+00
2.781250953674316406e+00
2.604433059692382812e+00
1.972940683364868164e+00
1.379337668418884277e+00
2.705471992492675781e+00
2.743361473083496094e+00
2.528654098510742188e+00
2.591803312301635742e+00
2.718101739883422852e+00
2.781250953674316406e+00
2.553913831710815430e+00
1.669824242591857910e+00
-1.236146390438079834e-01
-4.014713466167449951e-01
-4.267310500144958496e-01
-4.267310500144958496e-01
-4.267310500144958496e-01
-4.267310500144958496e-01
-4.267310500144958496e-01
-4.267310500144958496e-01
-4.267310500144958496e-01
-4.267310500144958496e-01
-4.267310500144958496e-01
-4.267310500144958496e-01
-4.267310500144958496e-01
-4.267310500144958496e-01
-4.267310500144958496e-01
-4.267310500144958496e-01
-4.267310500144958496e-01
-3.635818064212799072e-01
1.935051083564758301e+00
2.680212259292602539e+00
2.781250953674316406e+00
2.781250953674316406e+00
2.768621206283569336e+00
2.755991458892822266e+00
2.667582511901855469e+00
2.402355432510375977e+00
1.354077935218811035e+00
1.796122789382934570e+00
2.478134632110595703e+00
2.768621206283569336e+00
2.200278043746948242e+00
7.352152466773986816e-01
-4.267310500144958496e-01
-4.267310500144958496e-01
-4.267310500144958496e-01
-4.267310500144958496e-01
-4.267310500144958496e-01
-4.267310500144958496e-01
-4.267310500144958496e-01
-4.267310500144958496e-01
-4.267310500144958496e-01
-4.267310500144958496e-01
-4.267310500144958496e-01
-4.267310500144958496e-01
-4.267310500144958496e-01
-4.267310500144958496e-01
-4.267310500144958496e-01
-4.267310500144958496e-01
-4.267310500144958496e-01
-3.888415098190307617e-01
1.631934642791748047e+00
2.566543579101562500e+00
2.781250953674316406e+00
2.730731725692749023e+00
2.654952526092529297e+00
2.351836204528808594e+00
1.240409374237060547e+00
4.057344049215316772e-02
1.795017868280410767e-01
1.884531736373901367e+00
2.730731725692749023e+00
2.503394365310668945e+00
1.404597401618957520e+00
-2.246534377336502075e-01
-4.267310500144958496e-01
-4.267310500144958496e-01
-4.267310500144958496e-01
-4.267310500144958496e-01
-4.267310500144958496e-01
-4.267310500144958496e-01
-4.267310500144958496e-01
-4.267310500144958496e-01
-4.267310500144958496e-01
-4.267310500144958496e-01
-4.267310500144958496e-01
-4.267310500144958496e-01
-4.267310500144958496e-01
-4.267310500144958496e-01
-4.267310500144958496e-01
-4.267310500144958496e-01
-4.267310500144958496e-01
-4.141012132167816162e-01
9.109283983707427979e-02
8.362540602684020996e-01
1.101480841636657715e+00
8.488838672637939453e-01
4.320988357067108154e-01
9.109283983707427979e-02
-1.236146390438079834e-01
-2.625430226325988770e-01
1.139370441436767578e+00
2.364465951919555664e+00
2.705471992492675781e+00
1.682454109191894531e+00
1.795017868280410767e-01
-4.014713466167449951e-01
-4.267310500144958496e-01
-4.267310500144958496e-01
-4.267310500144958496e-01
-4.267310500144958496e-01
-4.267310500144958496e-01
-4.267310500144958496e-01
-4.267310500144958496e-01
-4.267310500144958496e-01
-4.267310500144958496e-01
-4.267310500144958496e-01
-4.267310500144958496e-01
-4.267310500144958496e-01
-4.267310500144958496e-01
-4.267310500144958496e-01
-4.267310500144958496e-01
-4.267310500144958496e-01
-4.267310500144958496e-01
-4.267310500144958496e-01
-3.762116730213165283e-01
-1.615041792392730713e-01
-7.309523224830627441e-02
-1.615041792392730713e-01
-3.130623996257781982e-01
-4.267310500144958496e-01
-3.762116730213165283e-01
3.942092955112457275e-01
2.086609363555908203e+00
2.680212259292602539e+00
2.263427257537841797e+00
9.372928142547607422e-01
-3.256922662258148193e-01
-4.267310500144958496e-01
-4.267310500144958496e-01
-4.267310500144958496e-01
-4.267310500144958496e-01
-4.267310500144958496e-01
-4.267310500144958496e-01
-4.267310500144958496e-01
-4.267310500144958496e-01
-4.267310500144958496e-01
-4.267310500144958496e-01
-4.267310500144958496e-01
-4.267310500144958496e-01
-4.267310500144958496e-01
-4.267310500144958496e-01
-4.267310500144958496e-01
-4.267310500144958496e-01
-4.267310500144958496e-01
-4.267310500144958496e-01
-4.267310500144958496e-01
-4.267310500144958496e-01
-4.267310500144958496e-01
-4.267310500144958496e-01
-4.267310500144958496e-01
-4.267310500144958496e-01
-4.014713466167449951e-01
-1.741340309381484985e-01
1.467746615409851074e+00
2.553913831710815430e+00
2.642322778701782227e+00
1.391967535018920898e+00
7.846298813819885254e-02
-4.267310500144958496e-01
-4.267310500144958496e-01
-4.267310500144958496e-01
-4.267310500144958496e-01
-4.267310500144958496e-01
-4.267310500144958496e-01
-4.267310500144958496e-01
-4.267310500144958496e-01
-4.267310500144958496e-01
-4.267310500144958496e-01
-4.267310500144958496e-01
-4.267310500144958496e-01
-4.267310500144958496e-01
-4.267310500144958496e-01
-4.267310500144958496e-01
-4.267310500144958496e-01
-4.267310500144958496e-01
-4.267310500144958496e-01
-4.267310500144958496e-01
-4.267310500144958496e-01
-4.267310500144958496e-01
-4.267310500144958496e-01
-4.267310500144958496e-01
-4.267310500144958496e-01
-4.267310500144958496e-01
-1.993937343358993530e-01
8.994032740592956543e-01
2.364465951919555664e+00
2.730731725692749023e+00
2.048719644546508789e+00
5.331376194953918457e-01
-4.014713466167449951e-01
-4.267310500144958496e-01
-4.267310500144958496e-01
-4.267310500144958496e-01
-4.267310500144958496e-01
-4.267310500144958496e-01
-4.267310500144958496e-01
-4.267310500144958496e-01
-4.267310500144958496e-01
-4.267310500144958496e-01
-4.267310500144958496e-01
-4.267310500144958496e-01
-4.267310500144958496e-01
-4.267310500144958496e-01
-4.267310500144958496e-01
-4.267310500144958496e-01
-4.267310500144958496e-01
-4.267310500144958496e-01
-4.267310500144958496e-01
-4.267310500144958496e-01
-4.267310500144958496e-01
-4.267310500144958496e-01
-4.267310500144958496e-01
-4.267310500144958496e-01
-4.267310500144958496e-01
-3.888415098190307617e-01
1.795017868280410767e-01
2.276057004928588867e+00
2.743361473083496094e+00
2.541283845901489258e+00
1.076221227645874023e+00
-4.783553630113601685e-02
-4.267310500144958496e-01
-4.267310500144958496e-01
-4.267310500144958496e-01
-4.267310500144958496e-01
-4.267310500144958496e-01
-4.267310500144958496e-01
-4.267310500144958496e-01
-4.267310500144958496e-01
-4.267310500144958496e-01
-4.267310500144958496e-01
-4.267310500144958496e-01
-4.267310500144958496e-01
-4.267310500144958496e-01
-4.267310500144958496e-01
-4.267310500144958496e-01
-4.267310500144958496e-01
-4.267310500144958496e-01
-4.267310500144958496e-01
-4.267310500144958496e-01
-4.267310500144958496e-01
-4.267310500144958496e-01
-4.267310500144958496e-01
-4.267310500144958496e-01
-4.267310500144958496e-01
-4.014713466167449951e-01
-1.109847873449325562e-01
8.615137338638305664e-01
2.667582511901855469e+00
2.705471992492675781e+00
1.707713842391967773e+00
1.921316385269165039e-01
-4.141012132167816162e-01
-4.267310500144958496e-01
-4.267310500144958496e-01
-4.267310500144958496e-01
-4.267310500144958496e-01
-4.267310500144958496e-01
-4.267310500144958496e-01
-4.267310500144958496e-01
-4.267310500144958496e-01
-4.267310500144958496e-01
-4.267310500144958496e-01
-4.267310500144958496e-01
-4.267310500144958496e-01
-4.267310500144958496e-01
-4.267310500144958496e-01
-4.267310500144958496e-01
-4.267310500144958496e-01
-4.267310500144958496e-01
-4.267310500144958496e-01
-4.267310500144958496e-01
-4.267310500144958496e-01
-4.267310500144958496e-01
-4.267310500144958496e-01
-4.267310500144958496e-01
-4.267310500144958496e-01
-2.625430226325988770e-01
7.225853800773620605e-01
2.490764379501342773e+00
2.755991458892822266e+00
2.364465951919555664e+00
3.815794289112091064e-01
-3.256922662258148193e-01
-4.267310500144958496e-01
-4.267310500144958496e-01
-4.267310500144958496e-01
-4.267310500144958496e-01
-4.267310500144958496e-01
-4.267310500144958496e-01
-4.267310500144958496e-01
-4.267310500144958496e-01
-4.267310500144958496e-01
-4.267310500144958496e-01
-4.267310500144958496e-01
-4.267310500144958496e-01
-4.267310500144958496e-01
-4.267310500144958496e-01
-4.267310500144958496e-01
-4.267310500144958496e-01
-4.267310500144958496e-01
-4.267310500144958496e-01
-4.267310500144958496e-01
-4.267310500144958496e-01
-4.267310500144958496e-01
-4.267310500144958496e-01
-4.267310500144958496e-01
-4.267310500144958496e-01
-4.267310500144958496e-01
-9.945961646735668182e-03
1.202519774436950684e+00
2.755991458892822266e+00
2.692842006683349609e+00
1.354077935218811035e+00
-8.572508394718170166e-02
-4.141012132167816162e-01
-4.267310500144958496e-01
-4.267310500144958496e-01
-4.267310500144958496e-01
-4.267310500144958496e-01
-4.267310500144958496e-01
-4.267310500144958496e-01
-4.267310500144958496e-01
-4.267310500144958496e-01
-4.267310500144958496e-01
-4.267310500144958496e-01
-4.267310500144958496e-01
-4.267310500144958496e-01
-4.267310500144958496e-01
-4.267310500144958496e-01
-4.267310500144958496e-01
-4.267310500144958496e-01
-4.267310500144958496e-01
-4.267310500144958496e-01
-4.267310500144958496e-01
-4.267310500144958496e-01
-4.267310500144958496e-01
-4.267310500144958496e-01
-4.267310500144958496e-01
-4.267310500144958496e-01
-1.236146390438079834e-01
1.038331627845764160e+00
2.377095937728881836e+00
2.768621206283569336e+00
2.579173564910888672e+00
5.583973526954650879e-01
-2.625430226325988770e-01
-4.267310500144958496e-01
-4.267310500144958496e-01
-4.267310500144958496e-01
-4.267310500144958496e-01
-4.267310500144958496e-01
-4.267310500144958496e-01
-4.267310500144958496e-01
-4.267310500144958496e-01
-4.267310500144958496e-01
-4.267310500144958496e-01
-4.267310500144958496e-01
-4.267310500144958496e-01
-4.267310500144958496e-01
-4.267310500144958496e-01
-4.267310500144958496e-01
-4.267310500144958496e-01
-4.267310500144958496e-01
-4.267310500144958496e-01
-4.267310500144958496e-01
-4.267310500144958496e-01
-4.267310500144958496e-01
-4.267310500144958496e-01
-4.267310500144958496e-01
-4.267310500144958496e-01
-3.509519696235656738e-01
6.341764330863952637e-01
1.960310816764831543e+00
2.743361473083496094e+00
2.743361473083496094e+00
2.402355432510375977e+00
2.931704521179199219e-01
-3.130623996257781982e-01
-4.267310500144958496e-01
-4.267310500144958496e-01
-4.267310500144958496e-01
-4.267310500144958496e-01
-4.267310500144958496e-01
-4.267310500144958496e-01
-4.267310500144958496e-01
-4.267310500144958496e-01
-4.267310500144958496e-01
-4.267310500144958496e-01
-4.267310500144958496e-01
-4.267310500144958496e-01
-4.267310500144958496e-01
-4.267310500144958496e-01
-4.267310500144958496e-01
-4.267310500144958496e-01
-4.267310500144958496e-01
-4.267310500144958496e-01
-4.267310500144958496e-01
-4.267310500144958496e-01
-4.267310500144958496e-01
-4.267310500144958496e-01
-4.267310500144958496e-01
-4.267310500144958496e-01
1.668719351291656494e-01
1.530895948410034180e+00
2.566543579101562500e+00
2.730731725692749023e+00
2.351836204528808594e+00
1.101480841636657715e+00
-1.109847873449325562e-01
-3.762116730213165283e-01
-4.267310500144958496e-01
-4.267310500144958496e-01
-4.267310500144958496e-01
-4.267310500144958496e-01
-4.267310500144958496e-01
-4.267310500144958496e-01
-4.267310500144958496e-01
-4.267310500144958496e-01
-4.267310500144958496e-01
-4.267310500144958496e-01
-4.267310500144958496e-01
-4.267310500144958496e-01
-4.267310500144958496e-01
-4.267310500144958496e-01
-4.267310500144958496e-01
-4.267310500144958496e-01
-4.267310500144958496e-01
-4.267310500144958496e-01
-4.267310500144958496e-01
-4.267310500144958496e-01
-4.267310500144958496e-01
-4.267310500144958496e-01
-4.267310500144958496e-01
-4.267310500144958496e-01
5.457674860954284668e-01
1.947680950164794922e+00
2.427615165710449219e+00
1.846642136573791504e+00
1.076221227645874023e+00
-1.109847873449325562e-01
-4.014713466167449951e-01
-4.267310500144958496e-01
-4.267310500144958496e-01
-4.267310500144958496e-01
-4.267310500144958496e-01
-4.267310500144958496e-01
-4.267310500144958496e-01
-4.267310500144958496e-01
-4.267310500144958496e-01
-4.267310500144958496e-01
-4.267310500144958496e-01
-4.267310500144958496e-01
-4.267310500144958496e-01
-4.267310500144958496e-01
-4.267310500144958496e-01
-4.267310500144958496e-01
-4.267310500144958496e-01
-4.267310500144958496e-01
-4.267310500144958496e-01
-4.267310500144958496e-01
-4.267310500144958496e-01
-4.267310500144958496e-01
-4.267310500144958496e-01
-4.267310500144958496e-01
-4.267310500144958496e-01
-4.267310500144958496e-01
2.300211936235427856e-01
1.164630174636840820e+00
1.227779507637023926e+00
3.942092955112457275e-01
-2.499131560325622559e-01
-4.267310500144958496e-01
-4.267310500144958496e-01
-4.267310500144958496e-01
-4.267310500144958496e-01
-4.267310500144958496e-01
-4.267310500144958496e-01
-4.267310500144958496e-01
-4.267310500144958496e-01
-4.267310500144958496e-01
-4.267310500144958496e-01
-4.267310500144958496e-01
-4.267310500144958496e-01
-4.267310500144958496e-01
-4.267310500144958496e-01
-4.267310500144958496e-01
-4.267310500144958496e-01
-4.267310500144958496e-01
-4.267310500144958496e-01
-4.267310500144958496e-01
-4.267310500144958496e-01
-4.267310500144958496e-01
-4.267310500144958496e-01
-4.267310500144958496e-01
-4.267310500144958496e-01
-4.267310500144958496e-01
-4.267310500144958496e-01
-4.267310500144958496e-01
-4.267310500144958496e-01
-4.267310500144958496e-01
-4.267310500144958496e-01
-4.267310500144958496e-01
-4.267310500144958496e-01
-4.267310500144958496e-01
-4.267310500144958496e-01
-4.267310500144958496e-01
-4.267310500144958496e-01
-4.267310500144958496e-01
-4.267310500144958496e-01
-4.267310500144958496e-01
-4.267310500144958496e-01
-4.267310500144958496e-01
-4.267310500144958496e-01
-4.267310500144958496e-01
-4.267310500144958496e-01
-4.267310500144958496e-01
-4.267310500144958496e-01
-4.267310500144958496e-01
-4.267310500144958496e-01
-4.267310500144958496e-01
-4.267310500144958496e-01
-4.267310500144958496e-01
-4.267310500144958496e-01
-4.267310500144958496e-01
-4.267310500144958496e-01
-4.267310500144958496e-01
-4.267310500144958496e-01
-4.267310500144958496e-01
-4.267310500144958496e-01
-4.267310500144958496e-01
-4.267310500144958496e-01
-4.267310500144958496e-01
-4.267310500144958496e-01
-4.267310500144958496e-01
-4.267310500144958496e-01
-4.267310500144958496e-01
-4.267310500144958496e-01
-4.267310500144958496e-01
-4.267310500144958496e-01
-4.267310500144958496e-01
-4.267310500144958496e-01
-4.267310500144958496e-01
-4.267310500144958496e-01
-4.267310500144958496e-01
-4.267310500144958496e-01
-4.267310500144958496e-01
-4.267310500144958496e-01
-4.267310500144958496e-01
-4.267310500144958496e-01
-4.267310500144958496e-01
-4.267310500144958496e-01
-4.267310500144958496e-01
-4.267310500144958496e-01
-4.267310500144958496e-01
-4.267310500144958496e-01
-4.267310500144958496e-01
-4.267310500144958496e-01
-4.267310500144958496e-01
-4.267310500144958496e-01
-4.267310500144958496e-01
-4.267310500144958496e-01
-4.267310500144958496e-01
-4.267310500144958496e-01
-4.267310500144958496e-01
-4.267310500144958496e-01
-4.267310500144958496e-01
-4.267310500144958496e-01
-4.267310500144958496e-01
-4.267310500144958496e-01
-4.267310500144958496e-01
-4.267310500144958496e-01
-4.267310500144958496e-01
-4.267310500144958496e-01
-4.267310500144958496e-01
-4.267310500144958496e-01
-4.267310500144958496e-01
-4.267310500144958496e-01
-4.267310500144958496e-01
-4.267310500144958496e-01
-4.267310500144958496e-01
-4.267310500144958496e-01
-4.267310500144958496e-01
-4.267310500144958496e-01
-4.267310500144958496e-01
-4.267310500144958496e-01
-4.267310500144958496e-01
-4.267310500144958496e-01
-4.267310500144958496e-01
-4.267310500144958496e-01
-4.267310500144958496e-01
-4.267310500144958496e-01
-4.267310500144958496e-01
-4.267310500144958496e-01
-4.267310500144958496e-01
-4.267310500144958496e-01
-4.267310500144958496e-01
-4.267310500144958496e-01
-4.267310500144958496e-01
-4.267310500144958496e-01
-4.267310500144958496e-01
-4.267310500144958496e-01
-4.267310500144958496e-01
-4.267310500144958496e-01
-4.267310500144958496e-01
-4.267310500144958496e-01
-4.267310500144958496e-01
-4.267310500144958496e-01
-4.267310500144958496e-01
-4.267310500144958496e-01
-4.267310500144958496e-01
-4.267310500144958496e-01
-4.267310500144958496e-01
-4.267310500144958496e-01
-4.267310500144958496e-01
-4.267310500144958496e-01
-4.267310500144958496e-01
-4.267310500144958496e-01
-4.267310500144958496e-01
-4.267310500144958496e-01
-4.267310500144958496e-01
-4.267310500144958496e-01
-4.267310500144958496e-01
-4.267310500144958496e-01
-4.267310500144958496e-01
-4.267310500144958496e-01
-4.267310500144958496e-01
-4.267310500144958496e-01
-4.267310500144958496e-01
-4.267310500144958496e-01
-4.267310500144958496e-01
-4.267310500144958496e-01
-4.267310500144958496e-01
-4.267310500144958496e-01
-4.267310500144958496e-01
-4.267310500144958496e-01
-4.267310500144958496e-01
-4.267310500144958496e-01
-4.267310500144958496e-01
-4.267310500144958496e-01
-4.267310500144958496e-01
-4.267310500144958496e-01
-4.267310500144958496e-01
-4.267310500144958496e-01
-4.267310500144958496e-01
-4.267310500144958496e-01
-4.267310500144958496e-01
-4.267310500144958496e-01
-4.267310500144958496e-01
-4.267310500144958496e-01
-4.267310500144958496e-01
-4.267310500144958496e-01
-4.267310500144958496e-01
-4.267310500144958496e-01
-4.267310500144958496e-01
-4.267310500144958496e-01
-4.267310500144958496e-01
-4.267310500144958496e-01
-4.267310500144958496e-01
-4.267310500144958496e-01
-4.267310500144958496e-01
-4.267310500144958496e-01
-4.267310500144958496e-01
-4.267310500144958496e-01
-4.267310500144958496e-01
-4.267310500144958496e-01
-4.267310500144958496e-01
-2.499131560325622559e-01
3.058002889156341553e-01
9.625525474548339844e-01
8.994032740592956543e-01
-9.835493564605712891e-02
-4.267310500144958496e-01
-4.267310500144958496e-01
-4.267310500144958496e-01
-4.267310500144958496e-01
-4.267310500144958496e-01
-4.267310500144958496e-01
-4.267310500144958496e-01
-4.267310500144958496e-01
-4.267310500144958496e-01
-4.267310500144958496e-01
-4.267310500144958496e-01
-4.267310500144958496e-01
-4.267310500144958496e-01
-4.267310500144958496e-01
-4.267310500144958496e-01
-4.267310500144958496e-01
-4.267310500144958496e-01
-4.267310500144958496e-01
-4.267310500144958496e-01
-4.267310500144958496e-01
-4.267310500144958496e-01
-4.267310500144958496e-01
-4.267310500144958496e-01
-4.267310500144958496e-01
-4.267310500144958496e-01
-4.267310500144958496e-01
-3.004325628280639648e-01
6.215465664863586426e-01
1.619304895401000977e+00
2.351836204528808594e+00
1.947680950164794922e+00
1.542420834302902222e-01
-4.267310500144958496e-01
-4.267310500144958496e-01
-4.267310500144958496e-01
-4.267310500144958496e-01
-4.267310500144958496e-01
-4.267310500144958496e-01
-4.267310500144958496e-01
-4.267310500144958496e-01
-4.267310500144958496e-01
-4.267310500144958496e-01
-4.267310500144958496e-01
-4.267310500144958496e-01
-4.267310500144958496e-01
-4.267310500144958496e-01
-4.267310500144958496e-01
-4.267310500144958496e-01
-4.267310500144958496e-01
-4.267310500144958496e-01
-4.267310500144958496e-01
-4.267310500144958496e-01
-4.267310500144958496e-01
-4.267310500144958496e-01
-4.267310500144958496e-01
-4.267310500144958496e-01
-4.267310500144958496e-01
-4.267310500144958496e-01
1.795017868280410767e-01
1.796122789382934570e+00
2.629692792892456055e+00
2.591803312301635742e+00
1.631934642791748047e+00
-4.783553630113601685e-02
-4.267310500144958496e-01
-4.267310500144958496e-01
-4.267310500144958496e-01
-4.267310500144958496e-01
-4.267310500144958496e-01
-4.267310500144958496e-01
-4.267310500144958496e-01
-4.267310500144958496e-01
-4.267310500144958496e-01
-4.267310500144958496e-01
-4.267310500144958496e-01
-4.267310500144958496e-01
-4.267310500144958496e-01
-4.267310500144958496e-01
-4.267310500144958496e-01
-4.267310500144958496e-01
-4.267310500144958496e-01
-4.267310500144958496e-01
-4.267310500144958496e-01
-4.267310500144958496e-01
-4.267310500144958496e-01
-4.267310500144958496e-01
-4.267310500144958496e-01
-4.267310500144958496e-01
-4.141012132167816162e-01
-3.130623996257781982e-01
1.126740574836730957e+00
2.364465951919555664e+00
2.692842006683349609e+00
1.985570549964904785e+00
6.594361662864685059e-01
-4.267310500144958496e-01
-4.267310500144958496e-01
-4.267310500144958496e-01
-4.267310500144958496e-01
-4.267310500144958496e-01
-4.267310500144958496e-01
-4.267310500144958496e-01
-4.267310500144958496e-01
-4.267310500144958496e-01
-4.267310500144958496e-01
-4.267310500144958496e-01
-4.267310500144958496e-01
-4.267310500144958496e-01
-4.267310500144958496e-01
-4.267310500144958496e-01
-4.267310500144958496e-01
-4.267310500144958496e-01
-4.267310500144958496e-01
-4.267310500144958496e-01
-4.267310500144958496e-01
-4.267310500144958496e-01
-4.267310500144958496e-01
-4.267310500144958496e-01
-4.267310500144958496e-01
-4.267310500144958496e-01
-3.888415098190307617e-01
2.679107487201690674e-01
2.238167524337768555e+00
2.718101739883422852e+00
2.250797271728515625e+00
9.372928142547607422e-01
-3.509519696235656738e-01
-4.267310500144958496e-01
-4.267310500144958496e-01
-4.267310500144958496e-01
-4.267310500144958496e-01
-4.267310500144958496e-01
-4.267310500144958496e-01
-4.267310500144958496e-01
-4.267310500144958496e-01
-4.267310500144958496e-01
-4.267310500144958496e-01
-4.267310500144958496e-01
-4.267310500144958496e-01
-4.267310500144958496e-01
-4.267310500144958496e-01
-4.267310500144958496e-01
-4.267310500144958496e-01
-4.267310500144958496e-01
-4.267310500144958496e-01
-4.267310500144958496e-01
-4.267310500144958496e-01
-4.267310500144958496e-01
-4.267310500144958496e-01
-4.267310500144958496e-01
-4.267310500144958496e-01
-4.267310500144958496e-01
-3.256922662258148193e-01
1.114110708236694336e+00
2.490764379501342773e+00
2.339206218719482422e+00
9.120331406593322754e-01
-2.120235860347747803e-01
-4.267310500144958496e-01
-4.267310500144958496e-01
-4.267310500144958496e-01
-4.267310500144958496e-01
-4.267310500144958496e-01
-4.267310500144958496e-01
-4.267310500144958496e-01
-4.267310500144958496e-01
-4.267310500144958496e-01
-4.267310500144958496e-01
-4.267310500144958496e-01
-4.267310500144958496e-01
-4.267310500144958496e-01
-4.267310500144958496e-01
-4.267310500144958496e-01
-4.267310500144958496e-01
-4.267310500144958496e-01
-4.267310500144958496e-01
-4.267310500144958496e-01
-4.267310500144958496e-01
-4.267310500144958496e-01
-4.267310500144958496e-01
-4.267310500144958496e-01
-4.267310500144958496e-01
-4.267310500144958496e-01
-2.372833043336868286e-01
7.225853800773620605e-01
2.377095937728881836e+00
2.617063045501708984e+00
1.076221227645874023e+00
-6.046538427472114563e-02
-4.014713466167449951e-01
-4.267310500144958496e-01
-4.267310500144958496e-01
-4.267310500144958496e-01
-4.267310500144958496e-01
-4.267310500144958496e-01
-4.267310500144958496e-01
-4.267310500144958496e-01
-4.267310500144958496e-01
-4.267310500144958496e-01
-4.267310500144958496e-01
-4.267310500144958496e-01
-4.267310500144958496e-01
-4.267310500144958496e-01
-4.267310500144958496e-01
-4.267310500144958496e-01
-4.267310500144958496e-01
-4.267310500144958496e-01
-4.267310500144958496e-01
-4.267310500144958496e-01
-4.267310500144958496e-01
-4.267310500144958496e-01
-4.267310500144958496e-01
-4.267310500144958496e-01
-4.267310500144958496e-01
-4.141012132167816162e-01
-9.945961646735668182e-03
1.631934642791748047e+00
2.692842006683349609e+00
1.682454109191894531e+00
2.426510453224182129e-01
-3.762116730213165283e-01
-4.267310500144958496e-01
-4.267310500144958496e-01
-4.267310500144958496e-01
-4.267310500144958496e-01
-4.267310500144958496e-01
-4.267310500144958496e-01
-4.267310500144958496e-01
-4.267310500144958496e-01
-4.267310500144958496e-01
-4.267310500144958496e-01
-4.267310500144958496e-01
-4.267310500144958496e-01
-4.267310500144958496e-01
-4.267310500144958496e-01
-4.267310500144958496e-01
-4.267310500144958496e-01
-4.267310500144958496e-01
-4.267310500144958496e-01
-4.267310500144958496e-01
-4.267310500144958496e-01
-4.267310500144958496e-01
-4.267310500144958496e-01
-4.267310500144958496e-01
-4.267310500144958496e-01
-4.267310500144958496e-01
-2.372833043336868286e-01
5.962868928909301758e-01
2.377095937728881836e+00
2.288686990737915039e+00
5.583973526954650879e-01
-2.499131560325622559e-01
-4.267310500144958496e-01
-4.267310500144958496e-01
-4.267310500144958496e-01
-4.267310500144958496e-01
-4.267310500144958496e-01
-4.267310500144958496e-01
-4.267310500144958496e-01
-4.267310500144958496e-01
-4.267310500144958496e-01
-4.267310500144958496e-01
-4.267310500144958496e-01
-4.267310500144958496e-01
-4.267310500144958496e-01
-4.267310500144958496e-01
-4.267310500144958496e-01
-4.267310500144958496e-01
-4.267310500144958496e-01
-4.267310500144958496e-01
-4.267310500144958496e-01
-4.267310500144958496e-01
-4.267310500144958496e-01
-4.267310500144958496e-01
-4.267310500144958496e-01
-4.267310500144958496e-01
-4.267310500144958496e-01
4.057344049215316772e-02
7.099555134773254395e-01
1.189889907836914062e+00
2.478134632110595703e+00
1.164630174636840820e+00
-1.488743424415588379e-01
-4.267310500144958496e-01
-4.267310500144958496e-01
-4.267310500144958496e-01
-4.267310500144958496e-01
-4.267310500144958496e-01
-4.267310500144958496e-01
-4.267310500144958496e-01
-4.267310500144958496e-01
-4.267310500144958496e-01
-4.267310500144958496e-01
-4.267310500144958496e-01
-4.267310500144958496e-01
-4.267310500144958496e-01
-4.267310500144958496e-01
-4.267310500144958496e-01
-4.267310500144958496e-01
-4.267310500144958496e-01
-4.267310500144958496e-01
-4.267310500144958496e-01
-4.267310500144958496e-01
-4.267310500144958496e-01
-4.267310500144958496e-01
-4.267310500144958496e-01
-4.267310500144958496e-01
-4.267310500144958496e-01
-3.256922662258148193e-01
8.236241936683654785e-01
2.048719644546508789e+00
1.732973456382751465e+00
1.644564509391784668e+00
-9.945961646735668182e-03
-3.762116730213165283e-01
-4.267310500144958496e-01
-4.267310500144958496e-01
-4.267310500144958496e-01
-4.267310500144958496e-01
-4.267310500144958496e-01
-4.267310500144958496e-01
-4.267310500144958496e-01
-4.267310500144958496e-01
-4.267310500144958496e-01
-4.267310500144958496e-01
-4.267310500144958496e-01
-4.267310500144958496e-01
-4.267310500144958496e-01
-4.267310500144958496e-01
-4.267310500144958496e-01
-4.267310500144958496e-01
-4.267310500144958496e-01
-4.267310500144958496e-01
-4.267310500144958496e-01
-4.267310500144958496e-01
-4.267310500144958496e-01
-4.267310500144958496e-01
-4.267310500144958496e-01
-4.267310500144958496e-01
-4.267310500144958496e-01
1.289823949337005615e-01
1.493006348609924316e+00
2.654952526092529297e+00
2.187648057937622070e+00
3.563196957111358643e-01
-3.762116730213165283e-01
-4.267310500144958496e-01
-4.267310500144958496e-01
-3.762116730213165283e-01
-3.383221030235290527e-01
-3.762116730213165283e-01
-4.267310500144958496e-01
-4.267310500144958496e-01
-4.267310500144958496e-01
-4.267310500144958496e-01
-4.267310500144958496e-01
-4.267310500144958496e-01
-4.267310500144958496e-01
-4.267310500144958496e-01
-4.267310500144958496e-01
-4.267310500144958496e-01
-4.267310500144958496e-01
-4.267310500144958496e-01
-4.267310500144958496e-01
-4.267310500144958496e-01
-4.267310500144958496e-01
-4.267310500144958496e-01
-4.267310500144958496e-01
-4.267310500144958496e-01
-4.267310500144958496e-01
-4.267310500144958496e-01
-4.267310500144958496e-01
1.126740574836730957e+00
2.528654098510742188e+00
2.478134632110595703e+00
1.404597401618957520e+00
-3.256922662258148193e-01
-4.014713466167449951e-01
-3.383221030235290527e-01
-2.751728594303131104e-01
2.794358879327774048e-02
1.668719351291656494e-01
-6.046538427472114563e-02
-3.762116730213165283e-01
-4.267310500144958496e-01
-4.267310500144958496e-01
-4.267310500144958496e-01
-4.267310500144958496e-01
-4.267310500144958496e-01
-4.267310500144958496e-01
-4.267310500144958496e-01
-4.267310500144958496e-01
-4.267310500144958496e-01
-4.267310500144958496e-01
-4.267310500144958496e-01
-4.267310500144958496e-01
-4.267310500144958496e-01
-4.267310500144958496e-01
-4.267310500144958496e-01
-4.267310500144958496e-01
-4.267310500144958496e-01
-4.267310500144958496e-01
-4.267310500144958496e-01
-4.267310500144958496e-01
1.366707801818847656e+00
2.768621206283569336e+00
2.099239110946655273e+00
4.320988357067108154e-01
-4.141012132167816162e-01
-2.499131560325622559e-01
9.625525474548339844e-01
1.834012269973754883e+00
2.301316738128662109e+00
2.339206218719482422e+00
1.619304895401000977e+00
2.679107487201690674e-01
-4.267310500144958496e-01
-4.267310500144958496e-01
-4.267310500144958496e-01
-4.267310500144958496e-01
-4.267310500144958496e-01
-4.267310500144958496e-01
-4.267310500144958496e-01
-4.267310500144958496e-01
-4.267310500144958496e-01
-4.267310500144958496e-01
-4.267310500144958496e-01
-4.267310500144958496e-01
-4.267310500144958496e-01
-4.267310500144958496e-01
-4.267310500144958496e-01
-4.267310500144958496e-01
-4.267310500144958496e-01
-4.267310500144958496e-01
-4.267310500144958496e-01
2.683888655155897141e-03
1.657194375991821289e+00
2.755991458892822266e+00
1.960310816764831543e+00
1.795017868280410767e-01
-3.383221030235290527e-01
9.120331406593322754e-01
1.379337668418884277e+00
1.682454109191894531e+00
2.326576471328735352e+00
2.718101739883422852e+00
2.490764379501342773e+00
1.568785429000854492e+00
-4.267310500144958496e-01
-4.267310500144958496e-01
-4.267310500144958496e-01
-4.267310500144958496e-01
-4.267310500144958496e-01
-4.267310500144958496e-01
-4.267310500144958496e-01
-4.267310500144958496e-01
-4.267310500144958496e-01
-4.267310500144958496e-01
-4.267310500144958496e-01
-4.267310500144958496e-01
-4.267310500144958496e-01
-4.267310500144958496e-01
-4.267310500144958496e-01
-4.267310500144958496e-01
-4.267310500144958496e-01
-4.267310500144958496e-01
-4.267310500144958496e-01
8.994032740592956543e-01
2.225537538528442383e+00
2.490764379501342773e+00
1.391967535018920898e+00
-2.499131560325622559e-01
-3.888415098190307617e-01
7.846298813819885254e-02
1.668719351291656494e-01
2.805405855178833008e-01
1.556155562400817871e+00
2.617063045501708984e+00
2.730731725692749023e+00
2.200278043746948242e+00
1.921316385269165039e-01
-3.888415098190307617e-01
-4.267310500144958496e-01
-4.267310500144958496e-01
-4.267310500144958496e-01
-4.267310500144958496e-01
-4.267310500144958496e-01
-4.267310500144958496e-01
-4.267310500144958496e-01
-4.267310500144958496e-01
-4.267310500144958496e-01
-4.267310500144958496e-01
-4.267310500144958496e-01
-4.267310500144958496e-01
-4.267310500144958496e-01
-4.267310500144958496e-01
-4.267310500144958496e-01
-4.267310500144958496e-01
-4.267310500144958496e-01
1.265668988227844238e+00
2.452874898910522461e+00
2.124498844146728516e+00
7.478451132774353027e-01
-4.267310500144958496e-01
-4.267310500144958496e-01
-4.267310500144958496e-01
-4.267310500144958496e-01
-2.878026962280273438e-01
1.366707801818847656e+00
2.680212259292602539e+00
2.680212259292602539e+00
2.036089897155761719e+00
-3.520568460226058960e-02
-4.014713466167449951e-01
-4.267310500144958496e-01
-4.267310500144958496e-01
-4.267310500144958496e-01
-4.267310500144958496e-01
-4.267310500144958496e-01
-4.267310500144958496e-01
-4.267310500144958496e-01
-4.267310500144958496e-01
-4.267310500144958496e-01
-4.267310500144958496e-01
-4.267310500144958496e-01
-4.267310500144958496e-01
-4.267310500144958496e-01
-4.267310500144958496e-01
-4.267310500144958496e-01
-4.267310500144958496e-01
-4.267310500144958496e-01
1.265668988227844238e+00
2.452874898910522461e+00
2.010830163955688477e+00
5.710272192955017090e-01
-4.267310500144958496e-01
-4.267310500144958496e-01
-4.267310500144958496e-01
-4.267310500144958496e-01
-2.499131560325622559e-01
1.480376482009887695e+00
2.768621206283569336e+00
2.478134632110595703e+00
1.417227268218994141e+00
-4.267310500144958496e-01
-4.267310500144958496e-01
-4.267310500144958496e-01
-4.267310500144958496e-01
-4.267310500144958496e-01
-4.267310500144958496e-01
-4.267310500144958496e-01
-4.267310500144958496e-01
-4.267310500144958496e-01
-4.267310500144958496e-01
-4.267310500144958496e-01
-4.267310500144958496e-01
-4.267310500144958496e-01
-4.267310500144958496e-01
-4.267310500144958496e-01
-4.267310500144958496e-01
-4.267310500144958496e-01
-4.267310500144958496e-01
-4.267310500144958496e-01
1.278298854827880859e+00
2.465504884719848633e+00
2.225537538528442383e+00
1.013071894645690918e+00
-1.362444907426834106e-01
-4.141012132167816162e-01
-4.267310500144958496e-01
-4.141012132167816162e-01
-8.572508394718170166e-02
1.594045162200927734e+00
2.768621206283569336e+00
2.200278043746948242e+00
6.846958398818969727e-01
-4.267310500144958496e-01
-4.267310500144958496e-01
-4.267310500144958496e-01
-4.267310500144958496e-01
-4.267310500144958496e-01
-4.267310500144958496e-01
-4.267310500144958496e-01
-4.267310500144958496e-01
-4.267310500144958496e-01
-4.267310500144958496e-01
-4.267310500144958496e-01
-4.267310500144958496e-01
-4.267310500144958496e-01
-4.267310500144958496e-01
-4.267310500144958496e-01
-4.267310500144958496e-01
-4.267310500144958496e-01
-4.267310500144958496e-01
-4.267310500144958496e-01
1.152000308036804199e+00
2.339206218719482422e+00
2.452874898910522461e+00
1.796122789382934570e+00
8.741436004638671875e-01
-2.257581055164337158e-02
-2.246534377336502075e-01
-4.783553630113601685e-02
6.594361662864685059e-01
1.972940683364868164e+00
2.642322778701782227e+00
1.745603322982788086e+00
2.794358879327774048e-02
-4.267310500144958496e-01
-4.267310500144958496e-01
-4.267310500144958496e-01
-4.267310500144958496e-01
-4.267310500144958496e-01
-4.267310500144958496e-01
-4.267310500144958496e-01
-4.267310500144958496e-01
-4.267310500144958496e-01
-4.267310500144958496e-01
-4.267310500144958496e-01
-4.267310500144958496e-01
-4.267310500144958496e-01
-4.267310500144958496e-01
-4.267310500144958496e-01
-4.267310500144958496e-01
-4.267310500144958496e-01
-4.267310500144958496e-01
-4.267310500144958496e-01
6.215465664863586426e-01
1.745603322982788086e+00
2.465504884719848633e+00
2.743361473083496094e+00
2.579173564910888672e+00
1.682454109191894531e+00
7.731047868728637695e-01
1.455116748809814453e+00
2.414985418319702148e+00
2.755991458892822266e+00
2.124498844146728516e+00
7.731047868728637695e-01
-4.267310500144958496e-01
-4.267310500144958496e-01
-4.267310500144958496e-01
-4.267310500144958496e-01
-4.267310500144958496e-01
-4.267310500144958496e-01
-4.267310500144958496e-01
-4.267310500144958496e-01
-4.267310500144958496e-01
-4.267310500144958496e-01
-4.267310500144958496e-01
-4.267310500144958496e-01
-4.267310500144958496e-01
-4.267310500144958496e-01
-4.267310500144958496e-01
-4.267310500144958496e-01
-4.267310500144958496e-01
-4.267310500144958496e-01
-4.267310500144958496e-01
-4.267310500144958496e-01
-2.878026962280273438e-01
2.426510453224182129e-01
1.290928721427917480e+00
2.351836204528808594e+00
2.755991458892822266e+00
2.692842006683349609e+00
2.629692792892456055e+00
2.692842006683349609e+00
2.743361473083496094e+00
2.579173564910888672e+00
1.354077935218811035e+00
-1.615041792392730713e-01
-4.267310500144958496e-01
-4.267310500144958496e-01
-4.267310500144958496e-01
-4.267310500144958496e-01
-4.267310500144958496e-01
-4.267310500144958496e-01
-4.267310500144958496e-01
-4.267310500144958496e-01
-4.267310500144958496e-01
-4.267310500144958496e-01
-4.267310500144958496e-01
-4.267310500144958496e-01
-4.267310500144958496e-01
-4.267310500144958496e-01
-4.267310500144958496e-01
-4.267310500144958496e-01
-4.267310500144958496e-01
-4.267310500144958496e-01
-4.267310500144958496e-01
-4.267310500144958496e-01
-4.141012132167816162e-01
-3.256922662258148193e-01
-9.835493564605712891e-02
3.184301257133483887e-01
1.050961494445800781e+00
2.238167524337768555e+00
2.364465951919555664e+00
2.200278043746948242e+00
1.316188454627990723e+00
5.710272192955017090e-01
2.683888655155897141e-03
-3.888415098190307617e-01
-4.267310500144958496e-01
-4.267310500144958496e-01
-4.267310500144958496e-01
-4.267310500144958496e-01
-4.267310500144958496e-01
-4.267310500144958496e-01
-4.267310500144958496e-01
-4.267310500144958496e-01
-4.267310500144958496e-01
-4.267310500144958496e-01
-4.267310500144958496e-01
-4.267310500144958496e-01
-4.267310500144958496e-01
-4.267310500144958496e-01
-4.267310500144958496e-01
-4.267310500144958496e-01
-4.267310500144958496e-01
-4.267310500144958496e-01
-4.267310500144958496e-01
-4.267310500144958496e-01
-4.267310500144958496e-01
-4.267310500144958496e-01
-4.141012132167816162e-01
-3.383221030235290527e-01
-8.572508394718170166e-02
3.689495325088500977e-01
4.194689989089965820e-01
3.563196957111358643e-01
1.531373895704746246e-02
-2.625430226325988770e-01
-3.888415098190307617e-01
-4.267310500144958496e-01
-4.267310500144958496e-01
-4.267310500144958496e-01
-4.267310500144958496e-01
-4.267310500144958496e-01
-4.267310500144958496e-01
-4.267310500144958496e-01
-4.267310500144958496e-01
-4.267310500144958496e-01
-4.267310500144958496e-01
-4.267310500144958496e-01
-4.267310500144958496e-01
-4.267310500144958496e-01
-4.267310500144958496e-01
-4.267310500144958496e-01
-4.267310500144958496e-01
-4.267310500144958496e-01
-4.267310500144958496e-01
-4.267310500144958496e-01
-4.267310500144958496e-01
-4.267310500144958496e-01
-4.267310500144958496e-01
-4.267310500144958496e-01
-4.267310500144958496e-01
-4.267310500144958496e-01
-4.267310500144958496e-01
-4.267310500144958496e-01
-4.267310500144958496e-01
-4.267310500144958496e-01
-4.267310500144958496e-01
-4.267310500144958496e-01
-4.267310500144958496e-01
-4.267310500144958496e-01
-4.267310500144958496e-01
-4.267310500144958496e-01
-4.267310500144958496e-01
-4.267310500144958496e-01
-4.267310500144958496e-01
-4.267310500144958496e-01
-4.267310500144958496e-01
-4.267310500144958496e-01
-4.267310500144958496e-01
-4.267310500144958496e-01
-4.267310500144958496e-01
-4.267310500144958496e-01
-4.267310500144958496e-01
-4.267310500144958496e-01
-4.267310500144958496e-01
-4.267310500144958496e-01
-4.267310500144958496e-01
-4.267310500144958496e-01
-4.267310500144958496e-01
-4.267310500144958496e-01
-4.267310500144958496e-01
-4.267310500144958496e-01
-4.267310500144958496e-01
-4.267310500144958496e-01
-4.267310500144958496e-01
-4.267310500144958496e-01
-4.267310500144958496e-01
-4.267310500144958496e-01
-4.267310500144958496e-01
-4.267310500144958496e-01
-4.267310500144958496e-01
-4.267310500144958496e-01
-4.267310500144958496e-01
-4.267310500144958496e-01
-4.267310500144958496e-01
-4.267310500144958496e-01
-4.267310500144958496e-01
-4.267310500144958496e-01
-4.267310500144958496e-01
-4.267310500144958496e-01
-4.267310500144958496e-01
-4.267310500144958496e-01
-4.267310500144958496e-01
-4.267310500144958496e-01
-4.267310500144958496e-01
-4.267310500144958496e-01
-4.267310500144958496e-01
-4.267310500144958496e-01
-4.267310500144958496e-01
-4.267310500144958496e-01
-4.267310500144958496e-01
-4.267310500144958496e-01
-4.267310500144958496e-01
-4.267310500144958496e-01
-4.267310500144958496e-01
-4.267310500144958496e-01
-4.267310500144958496e-01
-4.267310500144958496e-01
-4.267310500144958496e-01
-4.267310500144958496e-01
-4.267310500144958496e-01
-4.267310500144958496e-01
-4.267310500144958496e-01
-4.267310500144958496e-01
-4.267310500144958496e-01
-4.267310500144958496e-01
-4.267310500144958496e-01
-4.267310500144958496e-01
-4.267310500144958496e-01
-4.267310500144958496e-01
-4.267310500144958496e-01
-4.267310500144958496e-01
-4.267310500144958496e-01
-4.267310500144958496e-01
-4.267310500144958496e-01
-4.267310500144958496e-01
-4.267310500144958496e-01
-4.267310500144958496e-01
-4.267310500144958496e-01
-4.267310500144958496e-01
-4.267310500144958496e-01
-4.267310500144958496e-01
-4.267310500144958496e-01
-4.267310500144958496e-01
-4.267310500144958496e-01
-4.267310500144958496e-01
-4.267310500144958496e-01
-4.267310500144958496e-01
-4.267310500144958496e-01
-4.267310500144958496e-01
-4.267310500144958496e-01
-4.267310500144958496e-01
-4.267310500144958496e-01
-4.267310500144958496e-01
-4.267310500144958496e-01
-4.267310500144958496e-01
-4.267310500144958496e-01
-4.267310500144958496e-01
-4.267310500144958496e-01
-4.267310500144958496e-01
-4.267310500144958496e-01
-4.267310500144958496e-01
-4.267310500144958496e-01
-4.267310500144958496e-01
-4.267310500144958496e-01
-4.267310500144958496e-01
-4.267310500144958496e-01
-4.267310500144958496e-01
-4.267310500144958496e-01
-4.267310500144958496e-01
-4.267310500144958496e-01
-4.267310500144958496e-01
-4.267310500144958496e-01
-4.267310500144958496e-01
-4.267310500144958496e-01
-4.267310500144958496e-01
-4.267310500144958496e-01
-4.267310500144958496e-01
-4.267310500144958496e-01
-4.267310500144958496e-01
-4.267310500144958496e-01
-4.267310500144958496e-01
-4.267310500144958496e-01
-4.267310500144958496e-01
-4.267310500144958496e-01
-4.267310500144958496e-01
-4.267310500144958496e-01
-4.267310500144958496e-01
-4.267310500144958496e-01
-4.267310500144958496e-01
-4.267310500144958496e-01
-4.267310500144958496e-01
-4.267310500144958496e-01
-4.267310500144958496e-01
-4.267310500144958496e-01
-4.267310500144958496e-01
-4.267310500144958496e-01
-4.267310500144958496e-01
